10,10
10.298202,125.42721899999998,10.298202,125.427219,10.056279,125.414612,9.851483,125.40071,9.663149,125.233845,9.498677,125.044896,9.430762,124.688184,9.27112,124.468574,9.23112,124.268574,9.17112,124.268574,8.97112,124.268574,8.77112,124.068574,8.77112,123.968574,8.77112,123.668574,9.002112,123.368574
Destination?
13
8.436864031669316,124.04794352955786,9.896596270259582,124.80032357580068,8.809947315325443,123.00810117111008,9.431919715074187,123.85386046913973
0,15.322266489210804,120.18097083302682,0
1,15.319127162434967,121.3462594998057,0
2,15.315988487770106,122.51153011799383,1
3,15.312850465061127,123.67678269537792,1
4,15.309713094152965,124.84201723974098,1
5,15.306576374890636,126.00723375886231,1
6,15.303440307119176,127.17243226051754,1
7,15.300304890683668,128.33761275247858,1
8,15.297170125429288,129.5027752425136,1
9,15.294036011201216,130.66791973838716,1
10,14.19442509820172,120.17798409566696,1
11,14.19151882169942,121.33704627687197,0
12,14.188613142642115,122.49609307529056,0
13,14.185708060891578,123.65512449745789,0
14,14.18280357630963,124.81414054990609,1
15,14.17989968875813,125.97314123916426,1
16,14.176996398098977,127.13212657175853,1
17,14.174093704194105,128.29109655421195,1
18,14.171191606905506,129.45005119304454,1
19,14.168290106095203,130.6089904947734,1
20,13.066477109241998,120.17524832120291,1
21,13.063801582436476,121.32859174928019,1
22,13.061126600380533,122.48192220690483,1
23,13.058452162951367,123.63523969950897,0
24,13.0557782700262,124.78854423252234,1
25,13.0531049214823,125.9418358113722,1
26,13.050432117196952,127.09511444148337,1
27,13.04775985704749,128.24838012827823,1
28,13.045088140911279,129.4016328771767,1
29,13.042416968665725,130.55487269359622,1
30,11.938430366786536,120.17275789630499,1
31,11.935983493693852,121.32087851127582,1
32,11.933537114425118,122.468988328885,1
33,11.931091228871647,123.61708735359544,1
34,11.9286458369248,124.7651755898681,0
35,11.926200938475958,125.91325304216193,1
36,11.923756533416539,127.06131971493397,1
37,11.92131262163799,128.2093756126393,1
38,11.918869203031777,129.357420739731,1
39,11.916426277489402,130.50545510066019,1
40,10.810292869323606,120.17050776585566,1
41,10.80807275129177,121.31389085835156,1
42,10.80585307774032,122.45726509996565,0
43,10.803633848573607,123.60063049431255,0
44,10.80141506369599,124.74398704500527,1
45,10.799196723011857,125.88733475565529,1
46,10.796978826425622,127.03067362987254,1
47,10.794761373841729,128.17400367126538,1
48,10.792544365164636,129.31732488344068,1
49,10.790327800298828,130.46063727000362,1
50,9.6820727570406,120.16849340720721,1
51,9.680077686254014,121.3076147069318,1
52,9.678083012010202,122.4467288868072,0
53,9.676088734225548,123.58583594970949,0
54,9.67409485281645,124.72493589851356,1
55,9.672101367699327,125.8640287360931,1
56,9.67010827879062,127.00311446532056,1
57,9.668115586006788,128.1421930890672,1
58,9.66612328926432,129.28126461020307,1
59,9.664131388479706,130.420329031597,1
60,8.553778299230805,120.16671080746914,1
61,8.552006752934215,121.30203752337165,1
62,8.550235556482662,122.43735864481766,0
63,8.548464709803719,123.57267417404509,0
64,8.54669421282498,124.70798411329092,0
65,8.544924065474042,125.84328846479121,0
66,8.543154267678538,126.9785872307811,1
67,8.541384819366108,128.1138804134948,1
68,8.539615720464411,129.2491680151656,1
69,8.537846970901116,130.38445003802582,1
70,7.425417881464262,120.16515644360923,1
71,7.423868516865971,121.29714826158994,1
72,7.42231945649757,122.42913581341412,1
73,7.4207707002971,123.56111910077368,0
74,7.419222248202613,124.69309812535978,0
75,7.417674100152181,125.82507288886292,0
76,7.416126256083885,126.95704339297289,1
77,7.414578715935825,128.08900963937882,1
78,7.41303147964611,129.2209716297691,1
79,7.411484547152873,130.3529293658315,1
80,6.29699999254621,120.1638272651811,1
81,6.295671642365703,121.29293730874859,1
82,6.294343551732798,122.42204422473648,1
83,6.293015720595392,123.55114801437583,1
84,6.291688148901393,124.68024867889716,0
85,6.290360836598714,125.80934621953054,0
86,6.289033783635285,126.93844063750554,1
87,6.28770698995905,128.06753193405123,1
88,6.286380455517956,129.19662011039617,1
89,6.2850541802599675,130.32570516776846,1
90,5.168533211286948,120.16272067951877,1
91,5.167424879916763,121.2893964384744,1
92,5.1663167642014916,122.41607002496653,1
93,5.165208864098363,123.54274143984485,1
94,5.164101179564625,124.66941068395866,1
95,5.162993710557529,125.79607775815698,1
96,5.16188645703433,126.92274266328845,1
97,5.160779418952305,128.0494054002014,1
98,5.159672596268726,129.1760659697438,1
99,5.158565988940886,130.30272437276332,1
